mean_real: -0.005050
mean_synthetic: -0.015632
std_real: 0.942498
std_synthetic: 0.286998
mse: 0.981321
max_diff: 7.251748
